00000001[-8.622912854473462e-05, -5.563947267899082e-11, -3.4247857008930574e-15, -9.014022661567072e-20]
00000002[-9.607456134328867e-05, -3.2962693420967455e-10, -9.831002376468298e-16, -2.6953133391546157e-21]
00000003[-6.0819372119995816e-05, -3.6768011727008905e-10, -9.548033853940231e-15, -9.917401821889988e-20]
00000004[-7.8869710863634e-05, -8.008524957631677e-11, -4.914323672919597e-15, -4.2909400699208694e-20]
00000005[-2.7979540397306467e-05, -4.374766473385588e-10, -1.97386381963431e-15, -5.850103676254826e-20]
00000006[-5.1302804781960356e-05, -6.916745178887837e-10, -9.197636444001184e-15, -2.859219260703371e-20]
00000007[-6.6591205411470544e-06, -4.768708643142177e-10, -5.569657368739288e-15, -4.356095068118765e-21]
00000008[-3.7335671335379446e-05, -9.965830100966414e-10, -4.8025710380657865e-15, -1.6245229027417947e-20]
00000009[-4.7043523319082353e-05, -5.72442324550944e-11, -7.95607567337696e-15, -2.7081296142181746e-20]
00000010[-6.993041158700167e-05, -7.538708310819093e-10, -2.512735750491797e-15, -3.884720480427217e-20]
00000011[-9.239060419151267e-05, -8.160752538192113e-10, -8.716042885285926e-15, -8.830752439901392e-20]
00000012[-1.4194060727774419e-05, -7.009489943064214e-10, -7.371013372023075e-15, -8.710542978224868e-20]
00000013[-4.782862904834864e-05, -9.529231749741372e-10, -6.018973079987044e-15, -6.041888243317236e-20]
00000014[-6.596260928158142e-05, -3.9491237318172944e-10, -7.928887219790943e-15, -2.4564443694540732e-20]
00000015[-8.269560212183895e-05, -5.292108621457198e-10, -3.0288728413871174e-15, -1.5214952689669008e-21]
00000016[-7.535459659949423e-06, -4.2685407267805696e-10, -4.928754596853737e-15, -2.5545464699307308e-20]
00000017[-3.522748768984496e-05, -1.277180358417654e-10, -2.546738313141613e-15, -7.443601765399608e-20]
00000018[-1.7672997402692135e-05, -6.666335154755104e-11, -1.820302665385272e-15, -9.411639251456797e-20]
00000019[-2.89923779929669e-06, -1.9451776435295282e-10, -3.1929203834139677e-15, -1.6397728719349323e-20]
00000020[-4.00357543923275e-05, -8.179948049498512e-10, -4.077129360418338e-15, -2.984146857773819e-20]
00000021[-8.188116934753622e-05, -1.2979065927398114e-10, -2.7345967452001156e-15, -5.987579119545468e-20]
00000022[-5.3274846570701295e-05, -5.888090545433958e-10, -5.949161578360838e-15, -2.8316245034433896e-20]
00000023[-2.6907210971725663e-05, -6.507448780817972e-10, -2.9617567119517342e-15, -7.280494252144254e-20]
00000024[-8.592012467258762e-05, -1.4791194341029066e-10, -5.669398377994312e-16, -4.560659023379942e-20]
00000025[-6.690807918320549e-05, -1.018142521173174e-11, -6.865796186244397e-15, -2.947465898426123e-21]
00000026[-4.678198658688943e-05, -6.798388836972206e-10, -9.923770142014839e-15, -6.873648954305499e-20]
00000027[-5.0209152468019174e-05, -8.586325318157467e-10, -6.404653210692136e-15, -4.034298625054955e-21]
00000028[-5.249615923769991e-05, -6.956458270573438e-10, -8.555813105257619e-15, -4.0664838994779446e-20]
00000029[-4.1462424250604115e-06, -6.068743481904119e-10, -2.4105050824807067e-15, -7.740986389246212e-20]
00000030[-7.989840115916323e-05, -2.7304189145920943e-10, -5.545758381469724e-16, -4.8156702924671357e-20]
00000031[-8.362319384012389e-05, -1.7805270515321957e-10, -1.7527370929518622e-15, -9.826352892676042e-20]
00000032[-5.6031488243857995e-05, -5.781619531197411e-10, -5.444830376775459e-15, -3.004498347848099e-20]
00000033[-7.321674115436234e-05, -2.9011484072484606e-10, -2.695899155264405e-15, -3.584834279467031e-20]
00000034[-8.505096365611543e-05, -1.355379643290481e-10, -6.023778889957211e-15, -5.279474671616672e-20]
00000035[-1.7166682159602814e-05, -6.698371860601114e-10, -8.91119873217877e-15, -2.552786670441443e-20]
00000036[-2.4165074924319248e-05, -2.760620983178714e-11, -7.439590218412524e-15, -6.668888303839062e-20]
00000037[-7.218988558512355e-05, -4.745876320726911e-10, -5.4836617469036824e-15, -7.421363317698658e-20]
00000038[-2.049303019791957e-05, -5.847513068993921e-10, -1.9232270022141413e-15, -1.599895657360355e-20]
00000039[-6.001267450073502e-05, -3.967681717157724e-10, -9.770712719940137e-15, -2.8622384967637125e-20]
00000040[-7.475564010803541e-05, -6.432087500764618e-10, -9.682426756032858e-15, -6.17574491660124e-20]
00000041[-2.055119712566885e-05, -9.45481113342474e-10, -3.744670374474788e-15, -8.907307111887859e-20]
00000042[-2.602519088606532e-05, -8.389935042739877e-11, -1.8251617413042915e-15, -1.0889499546970319e-20]
00000043[-6.954232567949316e-05, -3.4932038970809304e-11, -4.9462522487432245e-15, -3.233060785781426e-20]
00000044[-1.5214001853429086e-05, -8.116898369969665e-10, -3.633979627288601e-15, -3.77846919668965e-20]
00000045[-4.329641810500695e-05, -9.877097627602422e-10, -4.4606317338060146e-15, -5.577089370158515e-20]
00000046[-3.936314281208737e-05, -8.486583823791608e-10, -9.751832224409714e-15, -8.824595770736678e-20]
00000047[-1.0658200377215903e-05, -4.854502301070526e-10, -5.756510549386771e-16, -9.477379375769971e-20]
00000048[-4.870690760865563e-06, -8.782799894615264e-10, -7.872903846768166e-15, -3.650112574593558e-20]
00000049[-6.337959599746985e-05, -2.3835195169875493e-10, -6.343470272431843e-15, -9.195365655532283e-20]
00000050[-3.9493799218941756e-06, -8.716966125301306e-10, -3.2943005277480398e-15, -7.104619915617008e-20]
00000051[-6.823134894817918e-05, -4.1237006627543426e-10, -5.731236084085938e-15, -2.414197936182412e-20]
00000052[-5.420173398516675e-05, -1.2919580826648527e-10, -3.4466290282733463e-15, -4.031046284970048e-20]
00000053[-1.0099176058536462e-05, -5.94447390798084e-11, -7.418910995191738e-15, -6.068094814849239e-20]
00000054[-4.252034297444825e-05, -3.5081010683148836e-10, -6.097185543013678e-15, -5.980288568768485e-21]
00000055[-8.239140600777878e-05, -4.822215077770773e-11, -2.159665013586186e-15, -3.0061243724287035e-20]
00000056[-6.0297387429664055e-06, -4.424207287086883e-10, -7.04000899311864e-15, -2.4731522064596354e-20]
00000057[-3.997233643751909e-05, -3.9894192289854756e-11, -7.557726884402111e-15, -1.9271650132316703e-20]
00000058[-8.64606736634977e-05, -3.430959258324934e-10, -2.5497267906647474e-15, -1.0661336697629312e-20]
00000059[-7.971469049678914e-05, -4.4913130966409133e-10, -6.323041871756557e-15, -8.77857639515141e-21]
00000060[-4.6481610142107856e-05, -7.736030536252478e-10, -2.4043034214149516e-15, -8.418248548401197e-20]
00000061[-8.739795996963566e-05, -6.494896011384146e-10, -5.8380835090981984e-15, -2.413819414037245e-20]
00000062[-2.7099070877433567e-05, -6.177555408074293e-10, -8.391495682724325e-15, -5.743893263630564e-20]
00000063[-6.11785409105505e-05, -8.813271474493151e-10, -1.502165423351032e-15, -9.960604164057298e-20]
00000064[-3.666211274009474e-05, -7.496281783727421e-10, -9.950264860845958e-15, -8.427924022563865e-20]
00000065[-7.68432211280599e-05, -8.717195038649668e-10, -7.0075361248423045e-15, -2.3657584376454655e-20]
00000066[-6.723139177354237e-05, -4.243355365493804e-10, -6.136071569867785e-15, -5.269473536837723e-20]
00000067[-2.1760929345654088e-05, -3.2387101710794505e-10, -1.6913579505502882e-15, -4.5508519628361815e-20]
00000068[-9.312228901711545e-05, -3.4270313753812794e-10, -4.123056424805656e-15, -2.7012828823907295e-20]
00000069[-2.4822537919811363e-05, -3.069478285478965e-10, -9.105335354064217e-15, -9.916330883122105e-20]
00000070[-1.6657976850666627e-05, -7.064048868021173e-10, -5.6232386657732e-16, -8.222216472400604e-20]
00000071[-8.773781668651687e-05, -8.233036700378351e-10, -9.588429162237245e-15, -6.946962126631154e-21]
00000072[-1.0373987855250783e-05, -4.1925855579230366e-10, -8.696379582574798e-15, -5.30250013529581e-20]
00000073[-6.6338008557547e-05, -9.111512675776822e-10, -5.928093568303955e-15, -1.1400673080284736e-21]
00000074[-1.5605458449295454e-06, -2.8104740255580123e-10, -1.2880945410072067e-15, -2.42552960978621e-20]
00000075[-2.9935201726238257e-05, -4.887307273613662e-10, -1.5441632496359459e-15, -7.949564815415763e-20]
00000076[-7.518435154292669e-05, -3.199489026545067e-10, -2.9632075916337936e-15, -1.9060830061910867e-20]
00000077[-1.86464467269113e-05, -4.824591717083291e-10, -8.494882230354606e-15, -4.878873463391564e-20]
